   Coefficients of polinom: T=K1+K2*(  7.0/R)+...+K7*[(  7.0/R)]**6+... 
__________________________________________________________________________

K1 = 35.418606627499684700
K2 = -55510.244386315345800000
K3 = 36541155.640991210900000000
K4 = -11725993248.921875000000000000
K5 = 1971553990780.000000000000000000
K6 = -153283011720960.000000000000000000
K7 = 5052534013419520.000000000000000000
__________________________

Thermometer N = 6537a
 
Measured   R,Ohm 3150.602 2813.271 2559.820 2364.104 2238.880 2130.708 
Measured   T,K      4.210    5.054    6.002    7.076    8.001    9.019 
Calculated T,K      4.212    5.043    6.010    7.082    8.002    9.017 
Error     DT,mK     2.666  -10.892    7.791    6.704    1.789   -1.309 
__________________________________________________________________________

Measured   R,Ohm 2044.316 1915.440 1784.720 1690.576 1633.342 1547.854 
Measured   T,K     10.036   12.056   15.005   18.063   20.444   25.081 
Calculated T,K     10.033   12.042   15.009   18.057   20.453   25.096 
Error     DT,mK    -2.235  -13.838    3.346   -5.235    9.534   15.452 
__________________________________________________________________________

Measured   R,Ohm 1485.801 1188.383 1085.283 1021.817  963.962  925.619 
Measured   T,K     29.555   77.336  116.005  151.876  197.005  236.095 
Calculated T,K     29.543   77.332  116.007  151.879  197.006  236.090 
Error     DT,mK   -12.315   -4.608    1.609    3.353    1.085   -4.616 
__________________________________________________________________________

Measured   R,Ohm  884.339 
Measured   T,K    289.395 
Calculated T,K    289.397 
Error     DT,mK     1.721 
__________________________________________________________________________

    R,Ohm   T,K      R,Ohm   T,K      R,Ohm   T,K      R,Ohm   T,K     

  3200.00   4.123    3100.00   4.311    3000.00   4.532    2900.00   4.788
  3195.00   4.132    3095.00   4.322    2995.00   4.544    2895.00   4.802
  3190.00   4.140    3090.00   4.332    2990.00   4.556    2890.00   4.816
  3185.00   4.149    3085.00   4.342    2985.00   4.568    2885.00   4.830
  3180.00   4.158    3080.00   4.353    2980.00   4.580    2880.00   4.844
  3175.00   4.167    3075.00   4.363    2975.00   4.592    2875.00   4.858
  3170.00   4.176    3070.00   4.374    2970.00   4.605    2870.00   4.872
  3165.00   4.185    3065.00   4.385    2965.00   4.617    2865.00   4.887
  3160.00   4.195    3060.00   4.396    2960.00   4.630    2860.00   4.901
  3155.00   4.204    3055.00   4.406    2955.00   4.642    2855.00   4.916
  3150.00   4.213    3050.00   4.417    2950.00   4.655    2850.00   4.931
  3145.00   4.223    3045.00   4.429    2945.00   4.668    2845.00   4.946
  3140.00   4.232    3040.00   4.440    2940.00   4.681    2840.00   4.961
  3135.00   4.242    3035.00   4.451    2935.00   4.694    2835.00   4.976
  3130.00   4.252    3030.00   4.462    2930.00   4.707    2830.00   4.991
  3125.00   4.261    3025.00   4.474    2925.00   4.720    2825.00   5.006
  3120.00   4.271    3020.00   4.485    2920.00   4.734    2820.00   5.022
  3115.00   4.281    3015.00   4.497    2915.00   4.747    2815.00   5.037
  3110.00   4.291    3010.00   4.508    2910.00   4.761    2810.00   5.053
  3105.00   4.301    3005.00   4.520    2905.00   4.774    2805.00   5.069

  2800.00   5.085    2520.00   6.200    2240.00   7.993    1960.00  11.267
  2795.00   5.101    2515.00   6.225    2235.00   8.035    1955.00  11.349
  2790.00   5.117    2510.00   6.250    2230.00   8.077    1950.00  11.432
  2785.00   5.133    2505.00   6.275    2225.00   8.120    1945.00  11.517
  2780.00   5.150    2500.00   6.301    2220.00   8.163    1940.00  11.603
  2775.00   5.166    2495.00   6.326    2215.00   8.206    1935.00  11.690
  2770.00   5.183    2490.00   6.352    2210.00   8.250    1930.00  11.778
  2765.00   5.200    2485.00   6.378    2205.00   8.295    1925.00  11.868
  2760.00   5.217    2480.00   6.404    2200.00   8.340    1920.00  11.958
  2755.00   5.234    2475.00   6.431    2195.00   8.385    1915.00  12.051
  2750.00   5.251    2470.00   6.457    2190.00   8.431    1910.00  12.144
  2745.00   5.268    2465.00   6.484    2185.00   8.478    1905.00  12.239
  2740.00   5.285    2460.00   6.512    2180.00   8.524    1900.00  12.335
  2735.00   5.303    2455.00   6.539    2175.00   8.572    1895.00  12.433
  2730.00   5.321    2450.00   6.567    2170.00   8.620    1890.00  12.532
  2725.00   5.338    2445.00   6.595    2165.00   8.669    1885.00  12.632
  2720.00   5.356    2440.00   6.623    2160.00   8.718    1880.00  12.735
  2715.00   5.374    2435.00   6.651    2155.00   8.768    1875.00  12.838
  2710.00   5.393    2430.00   6.680    2150.00   8.818    1870.00  12.943
  2705.00   5.411    2425.00   6.709    2145.00   8.869    1865.00  13.050
  2700.00   5.429    2420.00   6.738    2140.00   8.920    1860.00  13.158
  2695.00   5.448    2415.00   6.767    2135.00   8.972    1855.00  13.268
  2690.00   5.467    2410.00   6.797    2130.00   9.025    1850.00  13.380
  2685.00   5.486    2405.00   6.827    2125.00   9.078    1845.00  13.493
  2680.00   5.505    2400.00   6.857    2120.00   9.132    1840.00  13.609
  2675.00   5.524    2395.00   6.888    2115.00   9.187    1835.00  13.726
  2670.00   5.543    2390.00   6.918    2110.00   9.242    1830.00  13.844
  2665.00   5.563    2385.00   6.949    2105.00   9.298    1825.00  13.965
  2660.00   5.582    2380.00   6.981    2100.00   9.354    1820.00  14.087
  2655.00   5.602    2375.00   7.012    2095.00   9.412    1815.00  14.212
  2650.00   5.622    2370.00   7.044    2090.00   9.470    1810.00  14.338
  2645.00   5.642    2365.00   7.076    2085.00   9.528    1805.00  14.467
  2640.00   5.663    2360.00   7.109    2080.00   9.588    1800.00  14.597
  2635.00   5.683    2355.00   7.142    2075.00   9.648    1795.00  14.730
  2630.00   5.704    2350.00   7.175    2070.00   9.709    1790.00  14.864
  2625.00   5.724    2345.00   7.209    2065.00   9.770    1785.00  15.001
  2620.00   5.745    2340.00   7.242    2060.00   9.833    1780.00  15.140
  2615.00   5.766    2335.00   7.276    2055.00   9.896    1775.00  15.282
  2610.00   5.787    2330.00   7.311    2050.00   9.960    1770.00  15.425
  2605.00   5.809    2325.00   7.346    2045.00  10.025    1765.00  15.571
  2600.00   5.830    2320.00   7.381    2040.00  10.090    1760.00  15.720
  2595.00   5.852    2315.00   7.416    2035.00  10.157    1755.00  15.870
  2590.00   5.874    2310.00   7.452    2030.00  10.224    1750.00  16.024
  2585.00   5.896    2305.00   7.488    2025.00  10.292    1745.00  16.180
  2580.00   5.918    2300.00   7.525    2020.00  10.361    1740.00  16.338
  2575.00   5.941    2295.00   7.562    2015.00  10.431    1735.00  16.499
  2570.00   5.964    2290.00   7.599    2010.00  10.502    1730.00  16.663
  2565.00   5.986    2285.00   7.637    2005.00  10.574    1725.00  16.830
  2560.00   6.009    2280.00   7.675    2000.00  10.647    1720.00  16.999
  2555.00   6.033    2275.00   7.713    1995.00  10.721    1715.00  17.172
  2550.00   6.056    2270.00   7.752    1990.00  10.796    1710.00  17.347
  2545.00   6.079    2265.00   7.791    1985.00  10.872    1705.00  17.526
  2540.00   6.103    2260.00   7.831    1980.00  10.948    1700.00  17.707
  2535.00   6.127    2255.00   7.871    1975.00  11.026    1695.00  17.891
  2530.00   6.151    2250.00   7.911    1970.00  11.105    1690.00  18.079
  2525.00   6.176    2245.00   7.952    1965.00  11.185    1685.00  18.270

  1680.00  18.465    1400.00  37.805    1120.00  100.764
  1675.00  18.662    1395.00  38.381    1115.00  102.801
  1670.00  18.864    1390.00  38.970    1110.00  104.888
  1665.00  19.069    1385.00  39.571    1105.00  107.028
  1660.00  19.277    1380.00  40.185    1100.00  109.222
  1655.00  19.489    1375.00  40.812    1095.00  111.471
  1650.00  19.705    1370.00  41.452    1090.00  113.777
  1645.00  19.925    1365.00  42.105    1085.00  116.142
  1640.00  20.149    1360.00  42.773    1080.00  118.567
  1635.00  20.377    1355.00  43.455    1075.00  121.054
  1630.00  20.609    1350.00  44.152    1070.00  123.605
  1625.00  20.845    1345.00  44.863    1065.00  126.222
  1620.00  21.085    1340.00  45.590    1060.00  128.907
  1615.00  21.330    1335.00  46.333    1055.00  131.662
  1610.00  21.580    1330.00  47.092    1050.00  134.489
  1605.00  21.834    1325.00  47.867    1045.00  137.390
  1600.00  22.092    1320.00  48.660    1040.00  140.367
  1595.00  22.356    1315.00  49.470    1035.00  143.424
  1590.00  22.624    1310.00  50.297    1030.00  146.562
  1585.00  22.897    1305.00  51.143    1025.00  149.783
  1580.00  23.176    1300.00  52.007    1020.00  153.092
  1575.00  23.460    1295.00  52.891    1015.00  156.489
  1570.00  23.749    1290.00  53.794    1010.00  159.979
  1565.00  24.043    1285.00  54.718    1005.00  163.564
  1560.00  24.343    1280.00  55.662    1000.00  167.247
  1555.00  24.649    1275.00  56.627    995.00  171.031
  1550.00  24.961    1270.00  57.614    990.00  174.920
  1545.00  25.278    1265.00  58.623    985.00  178.918
  1540.00  25.602    1260.00  59.656    980.00  183.027
  1535.00  25.932    1255.00  60.711    975.00  187.251
  1530.00  26.269    1250.00  61.791    970.00  191.595
  1525.00  26.611    1245.00  62.895    965.00  196.063
  1520.00  26.961    1240.00  64.024    960.00  200.658
  1515.00  27.317    1235.00  65.180    955.00  205.385
  1510.00  27.681    1230.00  66.362    950.00  210.249
  1505.00  28.051    1225.00  67.571    945.00  215.255
  1500.00  28.429    1220.00  68.809    940.00  220.407
  1495.00  28.814    1215.00  70.075    935.00  225.711
  1490.00  29.207    1210.00  71.370    930.00  231.172
  1485.00  29.608    1205.00  72.696    925.00  236.796
  1480.00  30.016    1200.00  74.054    920.00  242.589
  1475.00  30.433    1195.00  75.443    915.00  248.557
  1470.00  30.858    1190.00  76.865    910.00  254.706
  1465.00  31.292    1185.00  78.320    905.00  261.045
  1460.00  31.734    1180.00  79.810    900.00  267.579
  1455.00  32.186    1175.00  81.336    895.00  274.316
  1450.00  32.646    1170.00  82.898    890.00  281.265
  1445.00  33.116    1165.00  84.498    885.00  288.432
  1440.00  33.596    1160.00  86.136    880.00  295.828
  1435.00  34.085    1155.00  87.814
  1430.00  34.584    1150.00  89.533
  1425.00  35.094    1145.00  91.293
  1420.00  35.614    1140.00  93.096
  1415.00  36.145    1135.00  94.944
  1410.00  36.687    1130.00  96.836
  1405.00  37.240    1125.00  98.776

