   Coefficients of polinom: T=K1+K2*(1000.0/R)+...+K7*[(1000.0/R)]**6+... 
__________________________________________________________________________

K1 = -21.297968158905860000
K2 = 331.611607984174043000
K3 = -1879.496884804219010000
K4 = 5756.878830969333650000
K5 = -9449.648618087172510000
K6 = 8144.538984119892120000
K7 = -2535.674044929444790000
__________________________

Диск 101/K-218-5
 
Measured   R,Ohm 4197.842 3696.449 3276.837 2998.851 2797.801 2644.702 
Measured   T,K      4.230    5.005    6.033    7.003    8.013    8.998 
Calculated T,K      4.218    5.033    6.028    7.005    7.987    8.971 
Error     DT,mK   -11.845   27.939   -4.748    2.169  -26.768  -26.987 
__________________________________________________________________________

Measured   R,Ohm 2518.862 2334.768 2145.134 2018.087 1950.797 1829.060 
Measured   T,K      9.990   11.961   15.032   18.036   20.086   24.877 
Calculated T,K      9.996   12.005   15.066   18.031   20.047   24.833 
Error     DT,mK     6.139   44.046   33.868   -4.687  -39.714  -43.948 
__________________________________________________________________________

Measured   R,Ohm 1735.529 1379.183 1034.591 
Measured   T,K     29.900   77.454  297.370 
Calculated T,K     29.947   77.452  297.370 
Error     DT,mK    46.518   -2.031    0.049 
__________________________________________________________________________

    R,Ohm   T,K      R,Ohm   T,K      R,Ohm   T,K      R,Ohm   T,K     

  4200.00   4.215    4100.00   4.358    4000.00   4.510    3900.00   4.670
  4195.00   4.222    4095.00   4.366    3995.00   4.517    3895.00   4.678
  4190.00   4.229    4090.00   4.373    3990.00   4.525    3890.00   4.687
  4185.00   4.236    4085.00   4.380    3985.00   4.533    3885.00   4.695
  4180.00   4.243    4080.00   4.388    3980.00   4.541    3880.00   4.703
  4175.00   4.250    4075.00   4.395    3975.00   4.549    3875.00   4.712
  4170.00   4.257    4070.00   4.403    3970.00   4.557    3870.00   4.720
  4165.00   4.264    4065.00   4.410    3965.00   4.565    3865.00   4.729
  4160.00   4.271    4060.00   4.418    3960.00   4.572    3860.00   4.737
  4155.00   4.278    4055.00   4.425    3955.00   4.580    3855.00   4.746
  4150.00   4.286    4050.00   4.433    3950.00   4.588    3850.00   4.754
  4145.00   4.293    4045.00   4.440    3945.00   4.597    3845.00   4.763
  4140.00   4.300    4040.00   4.448    3940.00   4.605    3840.00   4.771
  4135.00   4.307    4035.00   4.456    3935.00   4.613    3835.00   4.780
  4130.00   4.314    4030.00   4.463    3930.00   4.621    3830.00   4.789
  4125.00   4.322    4025.00   4.471    3925.00   4.629    3825.00   4.798
  4120.00   4.329    4020.00   4.479    3920.00   4.637    3820.00   4.806
  4115.00   4.336    4015.00   4.486    3915.00   4.645    3815.00   4.815
  4110.00   4.344    4010.00   4.494    3910.00   4.653    3810.00   4.824
  4105.00   4.351    4005.00   4.502    3905.00   4.662    3805.00   4.833

  3800.00   4.842    3520.00   5.402    3240.00   6.138    2960.00   7.173
  3795.00   4.850    3515.00   5.413    3235.00   6.154    2955.00   7.195
  3790.00   4.859    3510.00   5.424    3230.00   6.169    2950.00   7.217
  3785.00   4.868    3505.00   5.436    3225.00   6.185    2945.00   7.240
  3780.00   4.877    3500.00   5.447    3220.00   6.201    2940.00   7.263
  3775.00   4.886    3495.00   5.459    3215.00   6.216    2935.00   7.286
  3770.00   4.896    3490.00   5.470    3210.00   6.232    2930.00   7.309
  3765.00   4.905    3485.00   5.482    3205.00   6.248    2925.00   7.332
  3760.00   4.914    3480.00   5.494    3200.00   6.264    2920.00   7.356
  3755.00   4.923    3475.00   5.506    3195.00   6.280    2915.00   7.379
  3750.00   4.932    3470.00   5.518    3190.00   6.297    2910.00   7.403
  3745.00   4.941    3465.00   5.529    3185.00   6.313    2905.00   7.427
  3740.00   4.951    3460.00   5.541    3180.00   6.330    2900.00   7.451
  3735.00   4.960    3455.00   5.553    3175.00   6.346    2895.00   7.475
  3730.00   4.969    3450.00   5.566    3170.00   6.363    2890.00   7.500
  3725.00   4.979    3445.00   5.578    3165.00   6.380    2885.00   7.525
  3720.00   4.988    3440.00   5.590    3160.00   6.396    2880.00   7.549
  3715.00   4.998    3435.00   5.602    3155.00   6.413    2875.00   7.574
  3710.00   5.007    3430.00   5.615    3150.00   6.431    2870.00   7.600
  3705.00   5.017    3425.00   5.627    3145.00   6.448    2865.00   7.625
  3700.00   5.026    3420.00   5.640    3140.00   6.465    2860.00   7.651
  3695.00   5.036    3415.00   5.652    3135.00   6.483    2855.00   7.677
  3690.00   5.046    3410.00   5.665    3130.00   6.500    2850.00   7.703
  3685.00   5.055    3405.00   5.677    3125.00   6.518    2845.00   7.729
  3680.00   5.065    3400.00   5.690    3120.00   6.536    2840.00   7.755
  3675.00   5.075    3395.00   5.703    3115.00   6.553    2835.00   7.782
  3670.00   5.085    3390.00   5.716    3110.00   6.572    2830.00   7.809
  3665.00   5.095    3385.00   5.729    3105.00   6.590    2825.00   7.836
  3660.00   5.105    3380.00   5.742    3100.00   6.608    2820.00   7.863
  3655.00   5.115    3375.00   5.755    3095.00   6.626    2815.00   7.891
  3650.00   5.125    3370.00   5.768    3090.00   6.645    2810.00   7.918
  3645.00   5.135    3365.00   5.781    3085.00   6.663    2805.00   7.946
  3640.00   5.145    3360.00   5.795    3080.00   6.682    2800.00   7.974
  3635.00   5.155    3355.00   5.808    3075.00   6.701    2795.00   8.003
  3630.00   5.165    3350.00   5.822    3070.00   6.720    2790.00   8.031
  3625.00   5.175    3345.00   5.835    3065.00   6.739    2785.00   8.060
  3620.00   5.186    3340.00   5.849    3060.00   6.758    2780.00   8.089
  3615.00   5.196    3335.00   5.863    3055.00   6.778    2775.00   8.118
  3610.00   5.206    3330.00   5.876    3050.00   6.797    2770.00   8.148
  3605.00   5.217    3325.00   5.890    3045.00   6.817    2765.00   8.177
  3600.00   5.227    3320.00   5.904    3040.00   6.837    2760.00   8.207
  3595.00   5.238    3315.00   5.918    3035.00   6.857    2755.00   8.237
  3590.00   5.248    3310.00   5.932    3030.00   6.877    2750.00   8.268
  3585.00   5.259    3305.00   5.946    3025.00   6.897    2745.00   8.299
  3580.00   5.270    3300.00   5.961    3020.00   6.917    2740.00   8.330
  3575.00   5.280    3295.00   5.975    3015.00   6.938    2735.00   8.361
  3570.00   5.291    3290.00   5.989    3010.00   6.958    2730.00   8.392
  3565.00   5.302    3285.00   6.004    3005.00   6.979    2725.00   8.424
  3560.00   5.313    3280.00   6.019    3000.00   7.000    2720.00   8.456
  3555.00   5.324    3275.00   6.033    2995.00   7.021    2715.00   8.488
  3550.00   5.335    3270.00   6.048    2990.00   7.042    2710.00   8.520
  3545.00   5.346    3265.00   6.063    2985.00   7.064    2705.00   8.553
  3540.00   5.357    3260.00   6.078    2980.00   7.085    2700.00   8.586
  3535.00   5.368    3255.00   6.093    2975.00   7.107    2695.00   8.620
  3530.00   5.379    3250.00   6.108    2970.00   7.129    2690.00   8.653
  3525.00   5.390    3245.00   6.123    2965.00   7.151    2685.00   8.687

  2680.00   8.721    2400.00  11.209    2120.00  15.581    1840.00  24.328
  2675.00   8.756    2395.00  11.266    2115.00  15.687    1835.00  24.557
  2670.00   8.790    2390.00  11.324    2110.00  15.795    1830.00  24.789
  2665.00   8.825    2385.00  11.383    2105.00  15.903    1825.00  25.025
  2660.00   8.861    2380.00  11.442    2100.00  16.014    1820.00  25.264
  2655.00   8.896    2375.00  11.502    2095.00  16.125    1815.00  25.507
  2650.00   8.932    2370.00  11.562    2090.00  16.238    1810.00  25.755
  2645.00   8.968    2365.00  11.623    2085.00  16.352    1805.00  26.006
  2640.00   9.005    2360.00  11.685    2080.00  16.468    1800.00  26.261
  2635.00   9.042    2355.00  11.747    2075.00  16.585    1795.00  26.520
  2630.00   9.079    2350.00  11.810    2070.00  16.704    1790.00  26.783
  2625.00   9.116    2345.00  11.873    2065.00  16.824    1785.00  27.050
  2620.00   9.154    2340.00  11.937    2060.00  16.946    1780.00  27.322
  2615.00   9.192    2335.00  12.002    2055.00  17.070    1775.00  27.599
  2610.00   9.231    2330.00  12.068    2050.00  17.195    1770.00  27.879
  2605.00   9.270    2325.00  12.134    2045.00  17.321    1765.00  28.165
  2600.00   9.309    2320.00  12.201    2040.00  17.449    1760.00  28.455
  2595.00   9.348    2315.00  12.268    2035.00  17.579    1755.00  28.750
  2590.00   9.388    2310.00  12.337    2030.00  17.711    1750.00  29.050
  2585.00   9.428    2305.00  12.406    2025.00  17.844    1745.00  29.355
  2580.00   9.469    2300.00  12.476    2020.00  17.979    1740.00  29.665
  2575.00   9.510    2295.00  12.546    2015.00  18.116    1735.00  29.980
  2570.00   9.551    2290.00  12.617    2010.00  18.254    1730.00  30.301
  2565.00   9.593    2285.00  12.689    2005.00  18.395    1725.00  30.627
  2560.00   9.635    2280.00  12.762    2000.00  18.537    1720.00  30.958
  2555.00   9.677    2275.00  12.836    1995.00  18.682    1715.00  31.296
  2550.00   9.720    2270.00  12.910    1990.00  18.828    1710.00  31.639
  2545.00   9.763    2265.00  12.986    1985.00  18.976    1705.00  31.988
  2540.00   9.807    2260.00  13.062    1980.00  19.126    1700.00  32.343
  2535.00   9.851    2255.00  13.138    1975.00  19.279    1695.00  32.705
  2530.00   9.895    2250.00  13.216    1970.00  19.433    1690.00  33.072
  2525.00   9.940    2245.00  13.295    1965.00  19.590    1685.00  33.447
  2520.00   9.985    2240.00  13.374    1960.00  19.749    1680.00  33.827
  2515.00  10.031    2235.00  13.455    1955.00  19.910    1675.00  34.215
  2510.00  10.077    2230.00  13.536    1950.00  20.073    1670.00  34.609
  2505.00  10.123    2225.00  13.618    1945.00  20.238    1665.00  35.011
  2500.00  10.170    2220.00  13.701    1940.00  20.406    1660.00  35.420
  2495.00  10.218    2215.00  13.785    1935.00  20.576    1655.00  35.836
  2490.00  10.266    2210.00  13.870    1930.00  20.749    1650.00  36.260
  2485.00  10.314    2205.00  13.956    1925.00  20.924    1645.00  36.691
  2480.00  10.362    2200.00  14.043    1920.00  21.102    1640.00  37.131
  2475.00  10.412    2195.00  14.131    1915.00  21.282    1635.00  37.578
  2470.00  10.461    2190.00  14.220    1910.00  21.465    1630.00  38.034
  2465.00  10.511    2185.00  14.310    1905.00  21.650    1625.00  38.498
  2460.00  10.562    2180.00  14.401    1900.00  21.838    1620.00  38.971
  2455.00  10.613    2175.00  14.493    1895.00  22.029    1615.00  39.453
  2450.00  10.665    2170.00  14.586    1890.00  22.223    1610.00  39.943
  2445.00  10.717    2165.00  14.680    1885.00  22.420    1605.00  40.443
  2440.00  10.769    2160.00  14.776    1880.00  22.619    1600.00  40.953
  2435.00  10.822    2155.00  14.872    1875.00  22.822    1595.00  41.472
  2430.00  10.876    2150.00  14.970    1870.00  23.028    1590.00  42.001
  2425.00  10.930    2145.00  15.069    1865.00  23.236    1585.00  42.540
  2420.00  10.985    2140.00  15.169    1860.00  23.448    1580.00  43.089
  2415.00  11.040    2135.00  15.270    1855.00  23.663    1575.00  43.649
  2410.00  11.096    2130.00  15.372    1850.00  23.881    1570.00  44.220
  2405.00  11.152    2125.00  15.476    1845.00  24.103    1565.00  44.803

  1560.00  45.396    1280.00  109.272
  1555.00  46.001    1275.00  111.294
  1550.00  46.618    1270.00  113.364
  1545.00  47.247    1265.00  115.483
  1540.00  47.889    1260.00  117.653
  1535.00  48.544    1255.00  119.875
  1530.00  49.211    1250.00  122.150
  1525.00  49.892    1245.00  124.480
  1520.00  50.587    1240.00  126.866
  1515.00  51.296    1235.00  129.309
  1510.00  52.019    1230.00  131.812
  1505.00  52.757    1225.00  134.375
  1500.00  53.510    1220.00  137.001
  1495.00  54.279    1215.00  139.690
  1490.00  55.063    1210.00  142.445
  1485.00  55.864    1205.00  145.268
  1480.00  56.682    1200.00  148.159
  1475.00  57.516    1195.00  151.122
  1470.00  58.368    1190.00  154.157
  1465.00  59.238    1185.00  157.267
  1460.00  60.126    1180.00  160.453
  1455.00  61.033    1175.00  163.719
  1450.00  61.959    1170.00  167.064
  1445.00  62.905    1165.00  170.493
  1440.00  63.871    1160.00  174.007
  1435.00  64.858    1155.00  177.608
  1430.00  65.867    1150.00  181.298
  1425.00  66.897    1145.00  185.080
  1420.00  67.949    1140.00  188.956
  1415.00  69.024    1135.00  192.928
  1410.00  70.123    1130.00  196.999
  1405.00  71.246    1125.00  201.172
  1400.00  72.394    1120.00  205.449
  1395.00  73.567    1115.00  209.833
  1390.00  74.766    1110.00  214.326
  1385.00  75.991    1105.00  218.931
  1380.00  77.244    1100.00  223.651
  1375.00  78.525    1095.00  228.489
  1370.00  79.835    1090.00  233.447
  1365.00  81.174    1085.00  238.529
  1360.00  82.544    1080.00  243.738
  1355.00  83.944    1075.00  249.076
  1350.00  85.376    1070.00  254.547
  1345.00  86.841    1065.00  260.154
  1340.00  88.339    1060.00  265.900
  1335.00  89.872    1055.00  271.789
  1330.00  91.440    1050.00  277.823
  1325.00  93.044    1045.00  284.006
  1320.00  94.685    1040.00  290.341
  1315.00  96.365    1035.00  296.832
  1310.00  98.083    1030.00  303.482
  1305.00  99.841
  1300.00  101.641
  1295.00  103.483
  1290.00  105.368
  1285.00  107.297