   Coefficients of polinom: T=K1+K2*(1000.0/R)+...+K7*[(1000.0/R)]**6+... 
__________________________________________________________________________

K1 = 18.927749952301383000
K2 = -250.902789831627160000
K3 = 1485.656143251806500000
K4 = -4170.871278770267960000
K5 = 6285.738070525228980000
K6 = -4465.498065501451490000
K7 = 1439.212287075817580000
__________________________

Диск 92/K-228-14
 
Measured   R,Ohm 4146.541 3680.941 3284.351 3014.588 2821.016 2668.865 
Measured   T,K      4.221    5.009    6.013    7.011    7.994    8.988 
Calculated T,K      4.226    4.995    6.016    7.024    7.998    8.985 
Error     DT,mK     5.262  -14.181    3.063   13.290    4.445   -2.646 
__________________________________________________________________________

Measured   R,Ohm 2547.858 2359.743 2174.176 2044.853 1977.571 1854.446 
Measured   T,K      9.984   12.000   15.012   18.021   20.041   24.888 
Calculated T,K      9.968   12.010   15.000   18.023   20.047   24.898 
Error     DT,mK   -16.132   10.070  -11.878    1.722    6.171   10.329 
__________________________________________________________________________

Measured   R,Ohm 1760.839 1389.175 1027.590 
Measured   T,K     29.986   77.290  300.246 
Calculated T,K     29.976   77.290  300.246 
Error     DT,mK    -9.901    0.396   -0.009 
__________________________________________________________________________

    R,Ohm   T,K      R,Ohm   T,K      R,Ohm   T,K      R,Ohm   T,K     

  4150.00   4.222    4050.00   4.357    3950.00   4.507    3850.00   4.673
  4145.00   4.228    4045.00   4.364    3945.00   4.515    3845.00   4.681
  4140.00   4.235    4040.00   4.371    3940.00   4.523    3840.00   4.690
  4135.00   4.241    4035.00   4.378    3935.00   4.531    3835.00   4.699
  4130.00   4.248    4030.00   4.386    3930.00   4.539    3830.00   4.708
  4125.00   4.254    4025.00   4.393    3925.00   4.547    3825.00   4.717
  4120.00   4.261    4020.00   4.400    3920.00   4.555    3820.00   4.726
  4115.00   4.268    4015.00   4.408    3915.00   4.563    3815.00   4.735
  4110.00   4.274    4010.00   4.415    3910.00   4.571    3810.00   4.744
  4105.00   4.281    4005.00   4.422    3905.00   4.579    3805.00   4.753
  4100.00   4.288    4000.00   4.430    3900.00   4.588    3800.00   4.762
  4095.00   4.294    3995.00   4.437    3895.00   4.596    3795.00   4.771
  4090.00   4.301    3990.00   4.445    3890.00   4.604    3790.00   4.781
  4085.00   4.308    3985.00   4.453    3885.00   4.613    3785.00   4.790
  4080.00   4.315    3980.00   4.460    3880.00   4.621    3780.00   4.799
  4075.00   4.322    3975.00   4.468    3875.00   4.630    3775.00   4.809
  4070.00   4.329    3970.00   4.476    3870.00   4.638    3770.00   4.818
  4065.00   4.336    3965.00   4.483    3865.00   4.647    3765.00   4.828
  4060.00   4.343    3960.00   4.491    3860.00   4.655    3760.00   4.837
  4055.00   4.350    3955.00   4.499    3855.00   4.664    3755.00   4.847

  3750.00   4.856    3470.00   5.484    3190.00   6.332    2910.00   7.518
  3745.00   4.866    3465.00   5.497    3185.00   6.350    2905.00   7.543
  3740.00   4.876    3460.00   5.510    3180.00   6.368    2900.00   7.569
  3735.00   4.886    3455.00   5.523    3175.00   6.386    2895.00   7.595
  3730.00   4.896    3450.00   5.536    3170.00   6.404    2890.00   7.621
  3725.00   4.905    3445.00   5.550    3165.00   6.422    2885.00   7.647
  3720.00   4.915    3440.00   5.563    3160.00   6.440    2880.00   7.673
  3715.00   4.925    3435.00   5.576    3155.00   6.459    2875.00   7.700
  3710.00   4.935    3430.00   5.590    3150.00   6.477    2870.00   7.726
  3705.00   4.946    3425.00   5.603    3145.00   6.496    2865.00   7.753
  3700.00   4.956    3420.00   5.617    3140.00   6.514    2860.00   7.780
  3695.00   4.966    3415.00   5.631    3135.00   6.533    2855.00   7.808
  3690.00   4.976    3410.00   5.644    3130.00   6.552    2850.00   7.835
  3685.00   4.986    3405.00   5.658    3125.00   6.571    2845.00   7.863
  3680.00   4.997    3400.00   5.672    3120.00   6.590    2840.00   7.891
  3675.00   5.007    3395.00   5.686    3115.00   6.610    2835.00   7.919
  3670.00   5.018    3390.00   5.700    3110.00   6.629    2830.00   7.947
  3665.00   5.028    3385.00   5.714    3105.00   6.649    2825.00   7.976
  3660.00   5.039    3380.00   5.728    3100.00   6.668    2820.00   8.004
  3655.00   5.049    3375.00   5.743    3095.00   6.688    2815.00   8.033
  3650.00   5.060    3370.00   5.757    3090.00   6.708    2810.00   8.062
  3645.00   5.071    3365.00   5.772    3085.00   6.728    2805.00   8.092
  3640.00   5.082    3360.00   5.786    3080.00   6.748    2800.00   8.121
  3635.00   5.092    3355.00   5.801    3075.00   6.769    2795.00   8.151
  3630.00   5.103    3350.00   5.815    3070.00   6.789    2790.00   8.181
  3625.00   5.114    3345.00   5.830    3065.00   6.810    2785.00   8.211
  3620.00   5.125    3340.00   5.845    3060.00   6.830    2780.00   8.242
  3615.00   5.136    3335.00   5.860    3055.00   6.851    2775.00   8.273
  3610.00   5.148    3330.00   5.875    3050.00   6.872    2770.00   8.304
  3605.00   5.159    3325.00   5.890    3045.00   6.893    2765.00   8.335
  3600.00   5.170    3320.00   5.905    3040.00   6.914    2760.00   8.366
  3595.00   5.181    3315.00   5.921    3035.00   6.936    2755.00   8.398
  3590.00   5.193    3310.00   5.936    3030.00   6.957    2750.00   8.430
  3585.00   5.204    3305.00   5.951    3025.00   6.979    2745.00   8.462
  3580.00   5.216    3300.00   5.967    3020.00   7.001    2740.00   8.495
  3575.00   5.227    3295.00   5.982    3015.00   7.022    2735.00   8.527
  3570.00   5.239    3290.00   5.998    3010.00   7.045    2730.00   8.560
  3565.00   5.250    3285.00   6.014    3005.00   7.067    2725.00   8.593
  3560.00   5.262    3280.00   6.030    3000.00   7.089    2720.00   8.627
  3555.00   5.274    3275.00   6.046    2995.00   7.112    2715.00   8.661
  3550.00   5.286    3270.00   6.062    2990.00   7.134    2710.00   8.695
  3545.00   5.298    3265.00   6.078    2985.00   7.157    2705.00   8.729
  3540.00   5.310    3260.00   6.094    2980.00   7.180    2700.00   8.764
  3535.00   5.322    3255.00   6.111    2975.00   7.203    2695.00   8.798
  3530.00   5.334    3250.00   6.127    2970.00   7.226    2690.00   8.834
  3525.00   5.346    3245.00   6.144    2965.00   7.250    2685.00   8.869
  3520.00   5.358    3240.00   6.160    2960.00   7.273    2680.00   8.905
  3515.00   5.370    3235.00   6.177    2955.00   7.297    2675.00   8.941
  3510.00   5.383    3230.00   6.194    2950.00   7.321    2670.00   8.977
  3505.00   5.395    3225.00   6.211    2945.00   7.345    2665.00   9.014
  3500.00   5.408    3220.00   6.228    2940.00   7.369    2660.00   9.051
  3495.00   5.420    3215.00   6.245    2935.00   7.394    2655.00   9.088
  3490.00   5.433    3210.00   6.262    2930.00   7.418    2650.00   9.125
  3485.00   5.446    3205.00   6.280    2925.00   7.443    2645.00   9.163
  3480.00   5.458    3200.00   6.297    2920.00   7.468    2640.00   9.201
  3475.00   5.471    3195.00   6.314    2915.00   7.493    2635.00   9.240

  2630.00   9.279    2350.00  12.138    2070.00  17.354    1790.00  28.234
  2625.00   9.318    2345.00  12.205    2065.00  17.484    1785.00  28.522
  2620.00   9.357    2340.00  12.273    2060.00  17.615    1780.00  28.814
  2615.00   9.397    2335.00  12.341    2055.00  17.748    1775.00  29.110
  2610.00   9.438    2330.00  12.410    2050.00  17.882    1770.00  29.412
  2605.00   9.478    2325.00  12.480    2045.00  18.019    1765.00  29.718
  2600.00   9.519    2320.00  12.551    2040.00  18.157    1760.00  30.029
  2595.00   9.560    2315.00  12.622    2035.00  18.297    1755.00  30.345
  2590.00   9.602    2310.00  12.694    2030.00  18.439    1750.00  30.665
  2585.00   9.644    2305.00  12.767    2025.00  18.582    1745.00  30.992
  2580.00   9.686    2300.00  12.841    2020.00  18.728    1740.00  31.323
  2575.00   9.729    2295.00  12.915    2015.00  18.876    1735.00  31.660
  2570.00   9.772    2290.00  12.991    2010.00  19.026    1730.00  32.002
  2565.00   9.816    2285.00  13.067    2005.00  19.177    1725.00  32.350
  2560.00   9.860    2280.00  13.144    2000.00  19.331    1720.00  32.703
  2555.00   9.904    2275.00  13.222    1995.00  19.487    1715.00  33.062
  2550.00   9.949    2270.00  13.301    1990.00  19.645    1710.00  33.427
  2545.00   9.994    2265.00  13.380    1985.00  19.805    1705.00  33.798
  2540.00  10.039    2260.00  13.461    1980.00  19.967    1700.00  34.176
  2535.00  10.085    2255.00  13.543    1975.00  20.132    1695.00  34.559
  2530.00  10.132    2250.00  13.625    1970.00  20.299    1690.00  34.949
  2525.00  10.178    2245.00  13.708    1965.00  20.468    1685.00  35.345
  2520.00  10.226    2240.00  13.793    1960.00  20.640    1680.00  35.748
  2515.00  10.273    2235.00  13.878    1955.00  20.814    1675.00  36.158
  2510.00  10.321    2230.00  13.964    1950.00  20.991    1670.00  36.575
  2505.00  10.370    2225.00  14.052    1945.00  21.170    1665.00  36.999
  2500.00  10.419    2220.00  14.140    1940.00  21.351    1660.00  37.429
  2495.00  10.469    2215.00  14.229    1935.00  21.535    1655.00  37.868
  2490.00  10.519    2210.00  14.320    1930.00  21.722    1650.00  38.313
  2485.00  10.569    2205.00  14.411    1925.00  21.911    1645.00  38.767
  2480.00  10.620    2200.00  14.504    1920.00  22.104    1640.00  39.228
  2475.00  10.671    2195.00  14.598    1915.00  22.298    1635.00  39.697
  2470.00  10.723    2190.00  14.692    1910.00  22.496    1630.00  40.174
  2465.00  10.776    2185.00  14.788    1905.00  22.697    1625.00  40.660
  2460.00  10.829    2180.00  14.886    1900.00  22.900    1620.00  41.153
  2455.00  10.882    2175.00  14.984    1895.00  23.107    1615.00  41.656
  2450.00  10.936    2170.00  15.083    1890.00  23.316    1610.00  42.167
  2445.00  10.991    2165.00  15.184    1885.00  23.529    1605.00  42.688
  2440.00  11.046    2160.00  15.286    1880.00  23.745    1600.00  43.217
  2435.00  11.101    2155.00  15.389    1875.00  23.964    1595.00  43.756
  2430.00  11.158    2150.00  15.493    1870.00  24.186    1590.00  44.304
  2425.00  11.214    2145.00  15.599    1865.00  24.411    1585.00  44.862
  2420.00  11.272    2140.00  15.706    1860.00  24.640    1580.00  45.430
  2415.00  11.329    2135.00  15.815    1855.00  24.872    1575.00  46.009
  2410.00  11.388    2130.00  15.924    1850.00  25.108    1570.00  46.597
  2405.00  11.447    2125.00  16.035    1845.00  25.347    1565.00  47.197
  2400.00  11.507    2120.00  16.148    1840.00  25.590    1560.00  47.807
  2395.00  11.567    2115.00  16.262    1835.00  25.837    1555.00  48.428
  2390.00  11.628    2110.00  16.377    1830.00  26.087    1550.00  49.061
  2385.00  11.689    2105.00  16.494    1825.00  26.342    1545.00  49.705
  2380.00  11.751    2100.00  16.612    1820.00  26.600    1540.00  50.361
  2375.00  11.814    2095.00  16.732    1815.00  26.862    1535.00  51.029
  2370.00  11.878    2090.00  16.853    1810.00  27.128    1530.00  51.709
  2365.00  11.942    2085.00  16.976    1805.00  27.398    1525.00  52.402
  2360.00  12.007    2080.00  17.101    1800.00  27.673    1520.00  53.108
  2355.00  12.072    2075.00  17.227    1795.00  27.951    1515.00  53.827

  1510.00  54.559    1230.00  131.266
  1505.00  55.306    1225.00  133.667
  1500.00  56.066    1220.00  136.126
  1495.00  56.841    1215.00  138.644
  1490.00  57.630    1210.00  141.223
  1485.00  58.435    1205.00  143.865
  1480.00  59.254    1200.00  146.571
  1475.00  60.090    1195.00  149.345
  1470.00  60.942    1190.00  152.187
  1465.00  61.810    1185.00  155.100
  1460.00  62.695    1180.00  158.085
  1455.00  63.597    1175.00  161.146
  1450.00  64.517    1170.00  164.285
  1445.00  65.455    1165.00  167.504
  1440.00  66.412    1160.00  170.805
  1435.00  67.387    1155.00  174.192
  1430.00  68.382    1150.00  177.666
  1425.00  69.397    1145.00  181.231
  1420.00  70.431    1140.00  184.890
  1415.00  71.487    1135.00  188.646
  1410.00  72.564    1130.00  192.501
  1405.00  73.663    1125.00  196.460
  1400.00  74.784    1120.00  200.526
  1395.00  75.928    1115.00  204.702
  1390.00  77.095    1110.00  208.992
  1385.00  78.287    1105.00  213.400
  1380.00  79.503    1100.00  217.931
  1375.00  80.744    1095.00  222.587
  1370.00  82.011    1090.00  227.374
  1365.00  83.305    1085.00  232.297
  1360.00  84.626    1080.00  237.359
  1355.00  85.974    1075.00  242.567
  1350.00  87.352    1070.00  247.924
  1345.00  88.758    1065.00  253.438
  1340.00  90.195    1060.00  259.113
  1335.00  91.662    1055.00  264.955
  1330.00  93.161    1050.00  270.971
  1325.00  94.692    1045.00  277.167
  1320.00  96.257    1040.00  283.550
  1315.00  97.856    1035.00  290.127
  1310.00  99.490    1030.00  296.905
  1305.00  101.160   1025.00  303.892
  1300.00  102.866   1020.00  311.096
  1295.00  104.611
  1290.00  106.395
  1285.00  108.219
  1280.00  110.084
  1275.00  111.991
  1270.00  113.942
  1265.00  115.937
  1260.00  117.979
  1255.00  120.067
  1250.00  122.204
  1245.00  124.391
  1240.00  126.629
  1235.00  128.920