   Coefficients of polinom: T=K1+K2*(1000.0/R)+...+K7*[(1000.0/R)]**6+... 
__________________________________________________________________________

K1 = 11.998748668658663500
K2 = -140.311366179957986000
K3 = 706.404515956528485000
K4 = -1587.810464320704340000
K5 = 1758.853260327130560000
K6 = -724.664392888545990000
K7 = 148.427837402326986000
__________________________

Thermometer N = 6084a
 
Measured   R,Ohm 2865.083 2606.017 2389.695 2244.612 2128.385 2047.990 
Measured   T,K      4.196    5.028    6.043    7.018    8.053    8.956 
Calculated T,K      4.186    5.037    6.064    7.025    8.045    8.939 
Error     DT,mK   -10.351    9.287   20.827    6.596   -7.822  -16.715 
__________________________________________________________________________

Measured   R,Ohm 1970.666 1858.098 1739.499 1656.674 1607.733 1523.394 
Measured   T,K     10.021   12.032   15.077   18.063   20.309   25.287 
Calculated T,K      9.998   12.024   15.087   18.083   20.320   25.289 
Error     DT,mK   -23.240   -8.202    9.571   19.723   10.673    1.911 
__________________________________________________________________________

Measured   R,Ohm 1463.787 1187.503 1082.480 1029.919  972.095  938.525 
Measured   T,K     29.939   77.185  119.033  150.572  197.440  232.744 
Calculated T,K     29.939   77.132  119.111  150.535  197.444  232.735 
Error     DT,mK     0.438  -53.062   78.412  -37.279    3.615   -8.805 
__________________________________________________________________________

Measured   R,Ohm  894.430 
Measured   T,K    291.260 
Calculated T,K    291.264 
Error     DT,mK     4.422 
__________________________________________________________________________

    R,Ohm   T,K      R,Ohm   T,K      R,Ohm   T,K      R,Ohm   T,K     

  2950.00   3.965    2850.00   4.227    2750.00   4.526    2650.00   4.869
  2945.00   3.977    2845.00   4.241    2745.00   4.542    2645.00   4.888
  2940.00   3.990    2840.00   4.256    2740.00   4.558    2640.00   4.907
  2935.00   4.002    2835.00   4.270    2735.00   4.575    2635.00   4.925
  2930.00   4.015    2830.00   4.284    2730.00   4.591    2630.00   4.944
  2925.00   4.028    2825.00   4.298    2725.00   4.607    2625.00   4.963
  2920.00   4.040    2820.00   4.313    2720.00   4.624    2620.00   4.983
  2915.00   4.053    2815.00   4.327    2715.00   4.641    2615.00   5.002
  2910.00   4.066    2810.00   4.342    2710.00   4.658    2610.00   5.022
  2905.00   4.079    2805.00   4.357    2705.00   4.675    2605.00   5.041
  2900.00   4.092    2800.00   4.372    2700.00   4.692    2600.00   5.061
  2895.00   4.105    2795.00   4.387    2695.00   4.709    2595.00   5.081
  2890.00   4.118    2790.00   4.402    2690.00   4.726    2590.00   5.101
  2885.00   4.132    2785.00   4.417    2685.00   4.744    2585.00   5.122
  2880.00   4.145    2780.00   4.432    2680.00   4.761    2580.00   5.142
  2875.00   4.159    2775.00   4.448    2675.00   4.779    2575.00   5.163
  2870.00   4.172    2770.00   4.463    2670.00   4.797    2570.00   5.183
  2865.00   4.186    2765.00   4.479    2665.00   4.815    2565.00   5.204
  2860.00   4.200    2760.00   4.494    2660.00   4.833    2560.00   5.226
  2855.00   4.213    2755.00   4.510    2655.00   4.851    2555.00   5.247

  2550.00   5.268    2270.00   6.835    1990.00   9.712    1710.00  16.056
  2545.00   5.290    2265.00   6.872    1985.00   9.784    1705.00  16.230
  2540.00   5.312    2260.00   6.908    1980.00   9.858    1700.00  16.407
  2535.00   5.334    2255.00   6.946    1975.00   9.932    1695.00  16.588
  2530.00   5.356    2250.00   6.983    1970.00  10.008    1690.00  16.771
  2525.00   5.378    2245.00   7.022    1965.00  10.085    1685.00  16.958
  2520.00   5.401    2240.00   7.060    1960.00  10.162    1680.00  17.149
  2515.00   5.424    2235.00   7.099    1955.00  10.241    1675.00  17.342
  2510.00   5.447    2230.00   7.139    1950.00  10.321    1670.00  17.540
  2505.00   5.470    2225.00   7.178    1945.00  10.403    1665.00  17.740
  2500.00   5.493    2220.00   7.219    1940.00  10.485    1660.00  17.945
  2495.00   5.517    2215.00   7.259    1935.00  10.569    1655.00  18.153
  2490.00   5.540    2210.00   7.301    1930.00  10.653    1650.00  18.365
  2485.00   5.564    2205.00   7.342    1925.00  10.739    1645.00  18.580
  2480.00   5.588    2200.00   7.384    1920.00  10.827    1640.00  18.800
  2475.00   5.613    2195.00   7.427    1915.00  10.915    1635.00  19.024
  2470.00   5.637    2190.00   7.470    1910.00  11.005    1630.00  19.252
  2465.00   5.662    2185.00   7.514    1905.00  11.097    1625.00  19.484
  2460.00   5.687    2180.00   7.558    1900.00  11.189    1620.00  19.721
  2455.00   5.712    2175.00   7.603    1895.00  11.283    1615.00  19.961
  2450.00   5.738    2170.00   7.648    1890.00  11.379    1610.00  20.207
  2445.00   5.764    2165.00   7.693    1885.00  11.476    1605.00  20.457
  2440.00   5.789    2160.00   7.740    1880.00  11.574    1600.00  20.712
  2435.00   5.816    2155.00   7.786    1875.00  11.674    1595.00  20.971
  2430.00   5.842    2150.00   7.834    1870.00  11.776    1590.00  21.236
  2425.00   5.869    2145.00   7.882    1865.00  11.879    1585.00  21.505
  2420.00   5.896    2140.00   7.930    1860.00  11.984    1580.00  21.780
  2415.00   5.923    2135.00   7.979    1855.00  12.090    1575.00  22.060
  2410.00   5.950    2130.00   8.029    1850.00  12.198    1570.00  22.346
  2405.00   5.978    2125.00   8.079    1845.00  12.308    1565.00  22.636
  2400.00   6.006    2120.00   8.130    1840.00  12.419    1560.00  22.933
  2395.00   6.034    2115.00   8.182    1835.00  12.532    1555.00  23.235
  2390.00   6.062    2110.00   8.234    1830.00  12.647    1550.00  23.544
  2385.00   6.091    2105.00   8.287    1825.00  12.764    1545.00  23.858
  2380.00   6.120    2100.00   8.340    1820.00  12.883    1540.00  24.178
  2375.00   6.149    2095.00   8.395    1815.00  13.003    1535.00  24.505
  2370.00   6.178    2090.00   8.449    1810.00  13.126    1530.00  24.838
  2365.00   6.208    2085.00   8.505    1805.00  13.250    1525.00  25.178
  2360.00   6.238    2080.00   8.561    1800.00  13.377    1520.00  25.525
  2355.00   6.269    2075.00   8.618    1795.00  13.506    1515.00  25.879
  2350.00   6.299    2070.00   8.676    1790.00  13.637    1510.00  26.239
  2345.00   6.330    2065.00   8.734    1785.00  13.769    1505.00  26.607
  2340.00   6.362    2060.00   8.794    1780.00  13.905    1500.00  26.982
  2335.00   6.393    2055.00   8.854    1775.00  14.042    1495.00  27.365
  2330.00   6.425    2050.00   8.915    1770.00  14.182    1490.00  27.756
  2325.00   6.458    2045.00   8.976    1765.00  14.324    1485.00  28.155
  2320.00   6.490    2040.00   9.039    1760.00  14.468    1480.00  28.562
  2315.00   6.523    2035.00   9.102    1755.00  14.615    1475.00  28.977
  2310.00   6.556    2030.00   9.166    1750.00  14.765    1470.00  29.401
  2305.00   6.590    2025.00   9.231    1745.00  14.916    1465.00  29.833
  2300.00   6.624    2020.00   9.297    1740.00  15.071    1460.00  30.275
  2295.00   6.658    2015.00   9.364    1735.00  15.228    1455.00  30.725
  2290.00   6.693    2010.00   9.431    1730.00  15.388    1450.00  31.185
  2285.00   6.728    2005.00   9.500    1725.00  15.551    1445.00  31.655
  2280.00   6.763    2000.00   9.570    1720.00  15.716    1440.00  32.134
  2275.00   6.799    1995.00   9.640    1715.00  15.884    1435.00  32.624

  1430.00  33.124    1150.00  89.634
  1425.00  33.634    1145.00  91.485
  1420.00  34.156    1140.00  93.383
  1415.00  34.688    1135.00  95.330
  1410.00  35.232    1130.00  97.327
  1405.00  35.788    1125.00  99.375
  1400.00  36.355    1120.00  101.477
  1395.00  36.935    1115.00  103.634
  1390.00  37.527    1110.00  105.846
  1385.00  38.133    1105.00  108.117
  1380.00  38.751    1100.00  110.447
  1375.00  39.383    1095.00  112.839
  1370.00  40.029    1090.00  115.295
  1365.00  40.689    1085.00  117.816
  1360.00  41.363    1080.00  120.404
  1355.00  42.053    1075.00  123.061
  1350.00  42.758    1070.00  125.790
  1345.00  43.478    1065.00  128.593
  1340.00  44.215    1060.00  131.472
  1335.00  44.968    1055.00  134.429
  1330.00  45.738    1050.00  137.467
  1325.00  46.526    1045.00  140.588
  1320.00  47.331    1040.00  143.795
  1315.00  48.155    1035.00  147.091
  1310.00  48.998    1030.00  150.479
  1305.00  49.860    1025.00  153.961
  1300.00  50.741    1020.00  157.541
  1295.00  51.643    1015.00  161.221
  1290.00  52.566    1010.00  165.005
  1285.00  53.510    1005.00  168.896
  1280.00  54.476    1000.00  172.898
  1275.00  55.465    995.00  177.015
  1270.00  56.476    990.00  181.249
  1265.00  57.512    985.00  185.606
  1260.00  58.572    980.00  190.089
  1255.00  59.657    975.00  194.702
  1250.00  60.767    970.00  199.450
  1245.00  61.904    965.00  204.337
  1240.00  63.069    960.00  209.368
  1235.00  64.261    955.00  214.548
  1230.00  65.482    950.00  219.882
  1225.00  66.732    945.00  225.375
  1220.00  68.012    940.00  231.034
  1215.00  69.324    935.00  236.862
  1210.00  70.667    930.00  242.868
  1205.00  72.044    925.00  249.056
  1200.00  73.454    920.00  255.433
  1195.00  74.899    915.00  262.006
  1190.00  76.379    910.00  268.782
  1185.00  77.896    905.00  275.769
  1180.00  79.451    900.00  282.973
  1175.00  81.044    895.00  290.403
  1170.00  82.678    890.00  298.067
  1165.00  84.353
  1160.00  86.069
  1155.00  87.829

