   Coefficients of polinom: T=K1+K2*(1000.0/R)+...+K7*[(1000.0/R)]**6+... 
__________________________________________________________________________

K1 = 25.230552436260040800
K2 = -268.022426915355027000
K3 = 1234.061863010749220000
K4 = -2752.276935718953610000
K5 = 3276.337588772177700000
K6 = -1820.069864185526970000
K7 = 447.668895243667066000
__________________________

Thermometer N = 6533c
 
Measured   R,Ohm 3212.899 2847.719 2577.242 2378.632 2246.468 2132.904 
Measured   T,K      4.210    5.054    6.022    7.076    8.001    9.019 
Calculated T,K      4.210    5.048    6.031    7.074    8.001    9.019 
Error     DT,mK     0.681   -5.606    9.133   -2.090    0.796    0.627 
__________________________________________________________________________

Measured   R,Ohm 2042.569 1906.205 1768.902 1669.412 1609.384 1519.711 
Measured   T,K     10.036   12.054   15.005   18.063   20.444   25.080 
Calculated T,K     10.032   12.052   15.005   18.060   20.447   25.090 
Error     DT,mK    -4.154   -2.262   -0.136   -2.974    3.393   10.332 
__________________________________________________________________________

Measured   R,Ohm 1454.809 1150.677 1048.372  986.428  930.243  894.208 
Measured   T,K     29.555   77.336  116.005  151.876  197.450  236.095 
Calculated T,K     29.549   77.332  116.006  151.877  197.455  236.088 
Error     DT,mK    -6.463   -3.739    1.319    1.463    4.311   -6.817 
__________________________________________________________________________

Measured   R,Ohm  855.274 
Measured   T,K    289.395 
Calculated T,K    289.397 
Error     DT,mK     2.185 
__________________________________________________________________________

    R,Ohm   T,K      R,Ohm   T,K      R,Ohm   T,K      R,Ohm   T,K     

  3300.00   4.069    3200.00   4.233    3100.00   4.423    3000.00   4.644
  3295.00   4.077    3195.00   4.242    3095.00   4.434    2995.00   4.656
  3290.00   4.084    3190.00   4.251    3090.00   4.444    2990.00   4.668
  3285.00   4.092    3185.00   4.260    3085.00   4.455    2985.00   4.680
  3280.00   4.100    3180.00   4.269    3080.00   4.465    2980.00   4.692
  3275.00   4.108    3175.00   4.278    3075.00   4.476    2975.00   4.705
  3270.00   4.116    3170.00   4.287    3070.00   4.486    2970.00   4.717
  3265.00   4.123    3165.00   4.296    3065.00   4.497    2965.00   4.729
  3260.00   4.132    3160.00   4.306    3060.00   4.508    2960.00   4.742
  3255.00   4.140    3155.00   4.315    3055.00   4.519    2955.00   4.755
  3250.00   4.148    3150.00   4.325    3050.00   4.530    2950.00   4.767
  3245.00   4.156    3145.00   4.334    3045.00   4.541    2945.00   4.780
  3240.00   4.164    3140.00   4.344    3040.00   4.552    2940.00   4.793
  3235.00   4.173    3135.00   4.354    3035.00   4.563    2935.00   4.806
  3230.00   4.181    3130.00   4.363    3030.00   4.575    2930.00   4.819
  3225.00   4.190    3125.00   4.373    3025.00   4.586    2925.00   4.832
  3220.00   4.198    3120.00   4.383    3020.00   4.597    2920.00   4.845
  3215.00   4.207    3115.00   4.393    3015.00   4.609    2915.00   4.859
  3210.00   4.215    3110.00   4.403    3010.00   4.621    2910.00   4.872
  3205.00   4.224    3105.00   4.413    3005.00   4.632    2905.00   4.886

  2900.00   4.899    2620.00   5.848    2340.00   7.321    2060.00   9.819
  2895.00   4.913    2615.00   5.869    2335.00   7.355    2055.00   9.879
  2890.00   4.927    2610.00   5.890    2330.00   7.388    2050.00   9.940
  2885.00   4.941    2605.00   5.911    2325.00   7.422    2045.00  10.001
  2880.00   4.955    2600.00   5.932    2320.00   7.457    2040.00  10.064
  2875.00   4.969    2595.00   5.954    2315.00   7.491    2035.00  10.126
  2870.00   4.983    2590.00   5.975    2310.00   7.526    2030.00  10.190
  2865.00   4.998    2585.00   5.997    2305.00   7.562    2025.00  10.255
  2860.00   5.012    2580.00   6.019    2300.00   7.597    2020.00  10.320
  2855.00   5.027    2575.00   6.041    2295.00   7.633    2015.00  10.386
  2850.00   5.041    2570.00   6.064    2290.00   7.670    2010.00  10.453
  2845.00   5.056    2565.00   6.086    2285.00   7.706    2005.00  10.520
  2840.00   5.071    2560.00   6.109    2280.00   7.743    2000.00  10.589
  2835.00   5.086    2555.00   6.132    2275.00   7.781    1995.00  10.658
  2830.00   5.101    2550.00   6.155    2270.00   7.819    1990.00  10.729
  2825.00   5.116    2545.00   6.178    2265.00   7.857    1985.00  10.800
  2820.00   5.132    2540.00   6.202    2260.00   7.895    1980.00  10.872
  2815.00   5.147    2535.00   6.225    2255.00   7.934    1975.00  10.945
  2810.00   5.163    2530.00   6.249    2250.00   7.973    1970.00  11.019
  2805.00   5.178    2525.00   6.273    2245.00   8.013    1965.00  11.094
  2800.00   5.194    2520.00   6.297    2240.00   8.053    1960.00  11.169
  2795.00   5.210    2515.00   6.322    2235.00   8.094    1955.00  11.246
  2790.00   5.226    2510.00   6.346    2230.00   8.135    1950.00  11.324
  2785.00   5.242    2505.00   6.371    2225.00   8.176    1945.00  11.403
  2780.00   5.259    2500.00   6.396    2220.00   8.218    1940.00  11.483
  2775.00   5.275    2495.00   6.421    2215.00   8.260    1935.00  11.564
  2770.00   5.291    2490.00   6.447    2210.00   8.302    1930.00  11.646
  2765.00   5.308    2485.00   6.472    2205.00   8.345    1925.00  11.729
  2760.00   5.325    2480.00   6.498    2200.00   8.389    1920.00  11.813
  2755.00   5.342    2475.00   6.524    2195.00   8.433    1915.00  11.899
  2750.00   5.359    2470.00   6.551    2190.00   8.477    1910.00  11.985
  2745.00   5.376    2465.00   6.577    2185.00   8.522    1905.00  12.073
  2740.00   5.393    2460.00   6.604    2180.00   8.567    1900.00  12.162
  2735.00   5.410    2455.00   6.631    2175.00   8.613    1895.00  12.252
  2730.00   5.428    2450.00   6.658    2170.00   8.660    1890.00  12.343
  2725.00   5.445    2445.00   6.686    2165.00   8.706    1885.00  12.436
  2720.00   5.463    2440.00   6.713    2160.00   8.754    1880.00  12.530
  2715.00   5.481    2435.00   6.741    2155.00   8.802    1875.00  12.625
  2710.00   5.499    2430.00   6.769    2150.00   8.850    1870.00  12.722
  2705.00   5.517    2425.00   6.798    2145.00   8.899    1865.00  12.820
  2700.00   5.535    2420.00   6.827    2140.00   8.948    1860.00  12.919
  2695.00   5.554    2415.00   6.855    2135.00   8.998    1855.00  13.020
  2690.00   5.573    2410.00   6.885    2130.00   9.049    1850.00  13.122
  2685.00   5.591    2405.00   6.914    2125.00   9.100    1845.00  13.226
  2680.00   5.610    2400.00   6.944    2120.00   9.151    1840.00  13.331
  2675.00   5.629    2395.00   6.974    2115.00   9.204    1835.00  13.437
  2670.00   5.648    2390.00   7.004    2110.00   9.257    1830.00  13.546
  2665.00   5.667    2385.00   7.034    2105.00   9.310    1825.00  13.655
  2660.00   5.687    2380.00   7.065    2100.00   9.364    1820.00  13.767
  2655.00   5.707    2375.00   7.096    2095.00   9.419    1815.00  13.880
  2650.00   5.726    2370.00   7.127    2090.00   9.474    1810.00  13.995
  2645.00   5.746    2365.00   7.159    2085.00   9.530    1805.00  14.111
  2640.00   5.766    2360.00   7.191    2080.00   9.586    1800.00  14.229
  2635.00   5.786    2355.00   7.223    2075.00   9.644    1795.00  14.349
  2630.00   5.807    2350.00   7.256    2070.00   9.702    1790.00  14.471
  2625.00   5.827    2345.00   7.288    2065.00   9.760    1785.00  14.595

  1780.00  14.720    1500.00  26.331    1220.00  60.241    940.00  188.403
  1775.00  14.847    1495.00  26.660    1215.00  61.297    935.00  192.974
  1770.00  14.977    1490.00  26.996    1210.00  62.378    930.00  197.687
  1765.00  15.108    1485.00  27.338    1205.00  63.483    925.00  202.547
  1760.00  15.241    1480.00  27.687    1200.00  64.615    920.00  207.560
  1755.00  15.377    1475.00  28.042    1195.00  65.773    915.00  212.732
  1750.00  15.514    1470.00  28.404    1190.00  66.959    910.00  218.069
  1745.00  15.654    1465.00  28.774    1185.00  68.173    905.00  223.579
  1740.00  15.796    1460.00  29.150    1180.00  69.416    900.00  229.266
  1735.00  15.940    1455.00  29.534    1175.00  70.689    895.00  235.140
  1730.00  16.086    1450.00  29.925    1170.00  71.992    890.00  241.208
  1725.00  16.235    1445.00  30.324    1165.00  73.327    885.00  247.477
  1720.00  16.386    1440.00  30.731    1160.00  74.694    880.00  253.955
  1715.00  16.540    1435.00  31.146    1155.00  76.094    875.00  260.653
  1710.00  16.696    1430.00  31.569    1150.00  77.529    870.00  267.579
  1705.00  16.854    1425.00  32.001    1145.00  78.999    865.00  274.742
  1700.00  17.015    1420.00  32.441    1140.00  80.505    860.00  282.154
  1695.00  17.179    1415.00  32.890    1135.00  82.048    855.00  289.824
  1690.00  17.345    1410.00  33.348    1130.00  83.630
  1685.00  17.514    1405.00  33.815    1125.00  85.251
  1680.00  17.686    1400.00  34.292    1120.00  86.913
  1675.00  17.861    1395.00  34.778    1115.00  88.617
  1670.00  18.039    1390.00  35.275    1110.00  90.364
  1665.00  18.219    1385.00  35.781    1105.00  92.156
  1660.00  18.403    1380.00  36.298    1100.00  93.993
  1655.00  18.590    1375.00  36.826    1095.00  95.878
  1650.00  18.779    1370.00  37.365    1090.00  97.811
  1645.00  18.972    1365.00  37.914    1085.00  99.794
  1640.00  19.169    1360.00  38.476    1080.00  101.829
  1635.00  19.369    1355.00  39.049    1075.00  103.917
  1630.00  19.572    1350.00  39.634    1070.00  106.060
  1625.00  19.778    1345.00  40.231    1065.00  108.260
  1620.00  19.989    1340.00  40.841    1060.00  110.518
  1615.00  20.202    1335.00  41.464    1055.00  112.837
  1610.00  20.420    1330.00  42.100    1050.00  115.217
  1605.00  20.641    1325.00  42.750    1045.00  117.662
  1600.00  20.867    1320.00  43.414    1040.00  120.174
  1595.00  21.096    1315.00  44.092    1035.00  122.753
  1590.00  21.329    1310.00  44.785    1030.00  125.404
  1585.00  21.566    1305.00  45.493    1025.00  128.127
  1580.00  21.808    1300.00  46.216    1020.00  130.926
  1575.00  22.054    1295.00  46.955    1015.00  133.804
  1570.00  22.304    1290.00  47.710    1010.00  136.761
  1565.00  22.559    1285.00  48.482    1005.00  139.802
  1560.00  22.819    1280.00  49.271    1000.00  142.930
  1555.00  23.083    1275.00  50.077    995.00  146.146
  1550.00  23.352    1270.00  50.901    990.00  149.455
  1545.00  23.626    1265.00  51.744    985.00  152.859
  1540.00  23.905    1260.00  52.606    980.00  156.363
  1535.00  24.189    1255.00  53.487    975.00  159.968
  1530.00  24.478    1250.00  54.388    970.00  163.680
  1525.00  24.773    1245.00  55.309    965.00  167.501
  1520.00  25.073    1240.00  56.251    960.00  171.437
  1515.00  25.379    1235.00  57.215    955.00  175.490
  1510.00  25.690    1230.00  58.201    950.00  179.666
  1505.00  26.007    1225.00  59.209    945.00  183.969

