   Coefficients of polinom: T=K1+K2*(1000.0/R)+...+K7*[(1000.0/R)]**6+... 
__________________________________________________________________________

K1 = 23.375991559296380700
K2 = -279.282885558437556000
K3 = 1443.098187023773790000
K4 = -3601.373136155307290000
K5 = 4833.897443860769270000
K6 = -3091.941489007323980000
K7 = 931.256638033315539000
__________________________

Thermometer N = 4
 
Measured   R,Ohm 3497.302 3157.159 2855.873 2646.101 2492.557 2374.975 
Measured   T,K      4.221    5.000    6.012    7.024    8.019    8.997 
Calculated T,K      4.225    4.990    6.014    7.032    8.026    8.995 
Error     DT,mK     3.818   -9.926    1.505    7.833    6.691   -2.205 
__________________________________________________________________________

Measured   R,Ohm 2277.151 2127.442 1973.327 1864.022 1807.932 1699.516 
Measured   T,K      9.998   12.003   14.991   18.026   20.016   25.006 
Calculated T,K      9.991   11.996   14.993   18.030   20.015   25.012 
Error     DT,mK    -7.040   -6.628    2.169    4.246   -0.882    6.085 
__________________________________________________________________________

Measured   R,Ohm 1623.058 1294.568  970.669 
Measured   T,K     29.812   77.325  299.848 
Calculated T,K     29.806   77.325  299.848 
Error     DT,mK    -5.913    0.255   -0.006 
__________________________________________________________________________

    R,Ohm   T,K      R,Ohm   T,K      R,Ohm   T,K      R,Ohm   T,K     

  3520.00   4.185    3420.00   4.371    3320.00   4.583    3220.00   4.823
  3515.00   4.193    3415.00   4.381    3315.00   4.594    3215.00   4.836
  3510.00   4.202    3410.00   4.391    3310.00   4.605    3210.00   4.849
  3505.00   4.211    3405.00   4.401    3305.00   4.617    3205.00   4.862
  3500.00   4.220    3400.00   4.411    3300.00   4.628    3200.00   4.875
  3495.00   4.229    3395.00   4.421    3295.00   4.640    3195.00   4.888
  3490.00   4.238    3390.00   4.432    3290.00   4.652    3190.00   4.901
  3485.00   4.247    3385.00   4.442    3285.00   4.663    3185.00   4.914
  3480.00   4.256    3380.00   4.453    3280.00   4.675    3180.00   4.928
  3475.00   4.266    3375.00   4.463    3275.00   4.687    3175.00   4.941
  3470.00   4.275    3370.00   4.474    3270.00   4.699    3170.00   4.955
  3465.00   4.284    3365.00   4.484    3265.00   4.711    3165.00   4.969
  3460.00   4.294    3360.00   4.495    3260.00   4.723    3160.00   4.982
  3455.00   4.303    3355.00   4.506    3255.00   4.735    3155.00   4.996
  3450.00   4.313    3350.00   4.516    3250.00   4.748    3150.00   5.010
  3445.00   4.322    3345.00   4.527    3245.00   4.760    3145.00   5.024
  3440.00   4.332    3340.00   4.538    3240.00   4.772    3140.00   5.038
  3435.00   4.342    3335.00   4.549    3235.00   4.785    3135.00   5.052
  3430.00   4.351    3330.00   4.560    3230.00   4.797    3130.00   5.067
  3425.00   4.361    3325.00   4.571    3225.00   4.810    3125.00   5.081

  3120.00   5.096    2840.00   6.080    2560.00   7.557    2280.00   9.959
  3115.00   5.110    2835.00   6.102    2555.00   7.590    2275.00  10.016
  3110.00   5.125    2830.00   6.123    2550.00   7.623    2270.00  10.073
  3105.00   5.140    2825.00   6.145    2545.00   7.657    2265.00  10.130
  3100.00   5.154    2820.00   6.166    2540.00   7.691    2260.00  10.188
  3095.00   5.169    2815.00   6.188    2535.00   7.725    2255.00  10.247
  3090.00   5.184    2810.00   6.210    2530.00   7.759    2250.00  10.306
  3085.00   5.200    2805.00   6.233    2525.00   7.794    2245.00  10.367
  3080.00   5.215    2800.00   6.255    2520.00   7.828    2240.00  10.427
  3075.00   5.230    2795.00   6.277    2515.00   7.864    2235.00  10.489
  3070.00   5.246    2790.00   6.300    2510.00   7.899    2230.00  10.551
  3065.00   5.261    2785.00   6.323    2505.00   7.935    2225.00  10.614
  3060.00   5.277    2780.00   6.346    2500.00   7.971    2220.00  10.677
  3055.00   5.293    2775.00   6.369    2495.00   8.008    2215.00  10.741
  3050.00   5.308    2770.00   6.393    2490.00   8.045    2210.00  10.806
  3045.00   5.324    2765.00   6.416    2485.00   8.082    2205.00  10.872
  3040.00   5.340    2760.00   6.440    2480.00   8.120    2200.00  10.939
  3035.00   5.357    2755.00   6.464    2475.00   8.157    2195.00  11.006
  3030.00   5.373    2750.00   6.488    2470.00   8.196    2190.00  11.074
  3025.00   5.389    2745.00   6.512    2465.00   8.234    2185.00  11.143
  3020.00   5.406    2740.00   6.536    2460.00   8.273    2180.00  11.212
  3015.00   5.422    2735.00   6.561    2455.00   8.312    2175.00  11.283
  3010.00   5.439    2730.00   6.586    2450.00   8.352    2170.00  11.354
  3005.00   5.456    2725.00   6.611    2445.00   8.392    2165.00  11.426
  3000.00   5.473    2720.00   6.636    2440.00   8.433    2160.00  11.499
  2995.00   5.490    2715.00   6.661    2435.00   8.473    2155.00  11.573
  2990.00   5.507    2710.00   6.687    2430.00   8.515    2150.00  11.648
  2985.00   5.524    2705.00   6.713    2425.00   8.556    2145.00  11.723
  2980.00   5.542    2700.00   6.739    2420.00   8.598    2140.00  11.800
  2975.00   5.559    2695.00   6.765    2415.00   8.640    2135.00  11.877
  2970.00   5.577    2690.00   6.791    2410.00   8.683    2130.00  11.956
  2965.00   5.595    2685.00   6.818    2405.00   8.726    2125.00  12.035
  2960.00   5.613    2680.00   6.845    2400.00   8.770    2120.00  12.116
  2955.00   5.631    2675.00   6.872    2395.00   8.814    2115.00  12.197
  2950.00   5.649    2670.00   6.899    2390.00   8.859    2110.00  12.279
  2945.00   5.667    2665.00   6.926    2385.00   8.903    2105.00  12.363
  2940.00   5.685    2660.00   6.954    2380.00   8.949    2100.00  12.447
  2935.00   5.704    2655.00   6.982    2375.00   8.995    2095.00  12.533
  2930.00   5.722    2650.00   7.010    2370.00   9.041    2090.00  12.619
  2925.00   5.741    2645.00   7.038    2365.00   9.088    2085.00  12.707
  2920.00   5.760    2640.00   7.067    2360.00   9.135    2080.00  12.796
  2915.00   5.779    2635.00   7.096    2355.00   9.182    2075.00  12.885
  2910.00   5.798    2630.00   7.125    2350.00   9.231    2070.00  12.977
  2905.00   5.817    2625.00   7.154    2345.00   9.279    2065.00  13.069
  2900.00   5.837    2620.00   7.184    2340.00   9.328    2060.00  13.162
  2895.00   5.856    2615.00   7.213    2335.00   9.378    2055.00  13.257
  2890.00   5.876    2610.00   7.243    2330.00   9.428    2050.00  13.353
  2885.00   5.896    2605.00   7.273    2325.00   9.479    2045.00  13.450
  2880.00   5.916    2600.00   7.304    2320.00   9.530    2040.00  13.548
  2875.00   5.936    2595.00   7.335    2315.00   9.582    2035.00  13.648
  2870.00   5.956    2590.00   7.366    2310.00   9.634    2030.00  13.749
  2865.00   5.976    2585.00   7.397    2305.00   9.687    2025.00  13.851
  2860.00   5.997    2580.00   7.428    2300.00   9.740    2020.00  13.955
  2855.00   6.018    2575.00   7.460    2295.00   9.794    2015.00  14.060
  2850.00   6.038    2570.00   7.492    2290.00   9.849    2010.00  14.166
  2845.00   6.059    2565.00   7.525    2285.00   9.904    2005.00  14.274

  2000.00  14.384    1720.00  23.927    1440.00  48.566    1160.00  127.657
  1995.00  14.495    1715.00  24.185    1435.00  49.290    1155.00  130.251
  1990.00  14.607    1710.00  24.448    1430.00  50.029    1150.00  132.913
  1985.00  14.721    1705.00  24.714    1425.00  50.783    1145.00  135.645
  1980.00  14.837    1700.00  24.986    1420.00  51.552    1140.00  138.450
  1975.00  14.954    1695.00  25.262    1415.00  52.338    1135.00  141.329
  1970.00  15.072    1690.00  25.542    1410.00  53.140    1130.00  144.286
  1965.00  15.193    1685.00  25.828    1405.00  53.958    1125.00  147.322
  1960.00  15.315    1680.00  26.118    1400.00  54.794    1120.00  150.441
  1955.00  15.439    1675.00  26.414    1395.00  55.648    1115.00  153.645
  1950.00  15.564    1670.00  26.714    1390.00  56.519    1110.00  156.937
  1945.00  15.691    1665.00  27.020    1385.00  57.410    1105.00  160.319
  1940.00  15.821    1660.00  27.331    1380.00  58.319    1100.00  163.795
  1935.00  15.952    1655.00  27.648    1375.00  59.247    1095.00  167.369
  1930.00  16.084    1650.00  27.970    1370.00  60.196    1090.00  171.042
  1925.00  16.219    1645.00  28.297    1365.00  61.165    1085.00  174.819
  1920.00  16.356    1640.00  28.631    1360.00  62.155    1080.00  178.704
  1915.00  16.494    1635.00  28.971    1355.00  63.167    1075.00  182.699
  1910.00  16.635    1630.00  29.316    1350.00  64.201    1070.00  186.810
  1905.00  16.778    1625.00  29.668    1345.00  65.257    1065.00  191.039
  1900.00  16.923    1620.00  30.026    1340.00  66.337    1060.00  195.392
  1895.00  17.070    1615.00  30.390    1335.00  67.441    1055.00  199.872
  1890.00  17.219    1610.00  30.761    1330.00  68.569    1050.00  204.484
  1885.00  17.370    1605.00  31.139    1325.00  69.722    1045.00  209.233
  1880.00  17.524    1600.00  31.524    1320.00  70.901    1040.00  214.123
  1875.00  17.680    1595.00  31.916    1315.00  72.107    1035.00  219.161
  1870.00  17.838    1590.00  32.314    1310.00  73.340    1030.00  224.352
  1865.00  17.998    1585.00  32.721    1305.00  74.601    1025.00  229.700
  1860.00  18.161    1580.00  33.134    1300.00  75.891    1020.00  235.212
  1855.00  18.327    1575.00  33.556    1295.00  77.210    1015.00  240.895
  1850.00  18.495    1570.00  33.985    1290.00  78.559    1010.00  246.755
  1845.00  18.665    1565.00  34.422    1285.00  79.939    1005.00  252.797
  1840.00  18.839    1560.00  34.868    1280.00  81.352    1000.00  259.031
  1835.00  19.014    1555.00  35.321    1275.00  82.797    995.00  265.462
  1830.00  19.193    1550.00  35.784    1270.00  84.276    990.00  272.099
  1825.00  19.374    1545.00  36.255    1265.00  85.790    985.00  278.950
  1820.00  19.559    1540.00  36.735    1260.00  87.340    980.00  286.023
  1815.00  19.746    1535.00  37.224    1255.00  88.926    975.00  293.327
  1810.00  19.935    1530.00  37.722    1250.00  90.550    970.00  300.872
  1805.00  20.128    1525.00  38.230    1245.00  92.213
  1800.00  20.324    1520.00  38.748    1240.00  93.915
  1795.00  20.524    1515.00  39.276    1235.00  95.659
  1790.00  20.726    1510.00  39.814    1230.00  97.445
  1785.00  20.931    1505.00  40.363    1225.00  99.274
  1780.00  21.140    1500.00  40.922    1220.00  101.149
  1775.00  21.352    1495.00  41.492    1215.00  103.069
  1770.00  21.568    1490.00  42.074    1210.00  105.037
  1765.00  21.787    1485.00  42.667    1205.00  107.053
  1760.00  22.009    1480.00  43.271    1200.00  109.120
  1755.00  22.236    1475.00  43.888    1195.00  111.238
  1750.00  22.466    1470.00  44.517    1190.00  113.410
  1745.00  22.699    1465.00  45.159    1185.00  115.637
  1740.00  22.937    1460.00  45.813    1180.00  117.921
  1735.00  23.178    1455.00  46.481    1175.00  120.262
  1730.00  23.424    1450.00  47.162    1170.00  122.664
  1725.00  23.673    1445.00  47.857    1165.00  125.129

