   Coefficients of polinom: T=K1+K2*(1000.0/R)+...+K7*[(1000.0/R)]**6+... 
__________________________________________________________________________

K1 = 22.696802702761488000
K2 = -226.073928105179220000
K3 = 970.613756582140923000
K4 = -1955.808146305382250000
K5 = 2022.281537633389230000
K6 = -904.462546051479876000
K7 = 215.645492279203609000
__________________________

Thermometer N = 6538a
 
Measured   R,Ohm 3039.135 2700.634 2446.216 2256.915 2133.643 2028.248 
Measured   T,K      4.210    5.054    6.022    7.076    8.001    9.019 
Calculated T,K      4.211    5.048    6.027    7.080    8.004    9.017 
Error     DT,mK     1.357   -6.188    4.716    4.412    2.903   -1.679 
__________________________________________________________________________

Measured   R,Ohm 1944.605 1819.212 1694.047 1604.223 1550.037 1469.461 
Measured   T,K     10.036   12.054   15.005   18.063   20.444   25.081 
Calculated T,K     10.029   12.050   15.008   18.058   20.450   25.095 
Error     DT,mK    -7.038   -4.019    2.402   -4.779    6.417   13.800 
__________________________________________________________________________

Measured   R,Ohm 1411.389 1138.890 1046.698  990.420  939.317  905.470 
Measured   T,K     29.555   77.336  116.005  151.876  197.005  236.095 
Calculated T,K     29.544   77.333  116.006  151.880  197.006  236.090 
Error     DT,mK   -11.434   -3.549    0.938    4.014    0.570   -4.757 
__________________________________________________________________________

Measured   R,Ohm  868.957 
Measured   T,K    289.395 
Calculated T,K    289.397 
Error     DT,mK     1.914 
__________________________________________________________________________

    R,Ohm   T,K      R,Ohm   T,K      R,Ohm   T,K      R,Ohm   T,K     

  3100.00   4.100    3000.00   4.288    2900.00   4.505    2800.00   4.757
  3095.00   4.109    2995.00   4.298    2895.00   4.517    2795.00   4.771
  3090.00   4.118    2990.00   4.308    2890.00   4.529    2790.00   4.785
  3085.00   4.127    2985.00   4.318    2885.00   4.541    2785.00   4.798
  3080.00   4.136    2980.00   4.329    2880.00   4.553    2780.00   4.812
  3075.00   4.145    2975.00   4.339    2875.00   4.565    2775.00   4.826
  3070.00   4.154    2970.00   4.350    2870.00   4.577    2770.00   4.841
  3065.00   4.163    2965.00   4.360    2865.00   4.589    2765.00   4.855
  3060.00   4.172    2960.00   4.371    2860.00   4.602    2760.00   4.869
  3055.00   4.181    2955.00   4.382    2855.00   4.614    2755.00   4.884
  3050.00   4.190    2950.00   4.392    2850.00   4.627    2750.00   4.898
  3045.00   4.200    2945.00   4.403    2845.00   4.639    2745.00   4.913
  3040.00   4.209    2940.00   4.414    2840.00   4.652    2740.00   4.927
  3035.00   4.219    2935.00   4.425    2835.00   4.665    2735.00   4.942
  3030.00   4.228    2930.00   4.436    2830.00   4.678    2730.00   4.957
  3025.00   4.238    2925.00   4.448    2825.00   4.691    2725.00   4.972
  3020.00   4.248    2920.00   4.459    2820.00   4.704    2720.00   4.988
  3015.00   4.258    2915.00   4.470    2815.00   4.717    2715.00   5.003
  3010.00   4.268    2910.00   4.482    2810.00   4.730    2710.00   5.018
  3005.00   4.278    2905.00   4.494    2805.00   4.744    2705.00   5.034

  2700.00   5.050    2420.00   6.153    2140.00   7.950    1860.00  11.311
  2695.00   5.065    2415.00   6.177    2135.00   7.992    1855.00  11.397
  2690.00   5.081    2410.00   6.202    2130.00   8.035    1850.00  11.484
  2685.00   5.097    2405.00   6.227    2125.00   8.078    1845.00  11.572
  2680.00   5.113    2400.00   6.252    2120.00   8.121    1840.00  11.662
  2675.00   5.130    2395.00   6.278    2115.00   8.165    1835.00  11.753
  2670.00   5.146    2390.00   6.303    2110.00   8.210    1830.00  11.845
  2665.00   5.163    2385.00   6.329    2105.00   8.255    1825.00  11.939
  2660.00   5.179    2380.00   6.356    2100.00   8.301    1820.00  12.035
  2655.00   5.196    2375.00   6.382    2095.00   8.347    1815.00  12.131
  2650.00   5.213    2370.00   6.408    2090.00   8.393    1810.00  12.230
  2645.00   5.230    2365.00   6.435    2085.00   8.441    1805.00  12.329
  2640.00   5.247    2360.00   6.462    2080.00   8.488    1800.00  12.431
  2635.00   5.264    2355.00   6.490    2075.00   8.537    1795.00  12.534
  2630.00   5.282    2350.00   6.517    2070.00   8.586    1790.00  12.638
  2625.00   5.299    2345.00   6.545    2065.00   8.635    1785.00  12.744
  2620.00   5.317    2340.00   6.573    2060.00   8.685    1780.00  12.852
  2615.00   5.335    2335.00   6.602    2055.00   8.736    1775.00  12.962
  2610.00   5.353    2330.00   6.630    2050.00   8.787    1770.00  13.073
  2605.00   5.371    2325.00   6.659    2045.00   8.839    1765.00  13.186
  2600.00   5.389    2320.00   6.688    2040.00   8.891    1760.00  13.301
  2595.00   5.408    2315.00   6.718    2035.00   8.944    1755.00  13.418
  2590.00   5.426    2310.00   6.747    2030.00   8.998    1750.00  13.536
  2585.00   5.445    2305.00   6.777    2025.00   9.052    1745.00  13.657
  2580.00   5.464    2300.00   6.807    2020.00   9.108    1740.00  13.780
  2575.00   5.483    2295.00   6.838    2015.00   9.163    1735.00  13.904
  2570.00   5.502    2290.00   6.869    2010.00   9.220    1730.00  14.031
  2565.00   5.521    2285.00   6.900    2005.00   9.277    1725.00  14.160
  2560.00   5.540    2280.00   6.931    2000.00   9.335    1720.00  14.291
  2555.00   5.560    2275.00   6.963    1995.00   9.393    1715.00  14.424
  2550.00   5.580    2270.00   6.995    1990.00   9.453    1710.00  14.560
  2545.00   5.599    2265.00   7.027    1985.00   9.513    1705.00  14.698
  2540.00   5.620    2260.00   7.060    1980.00   9.574    1700.00  14.838
  2535.00   5.640    2255.00   7.093    1975.00   9.636    1695.00  14.980
  2530.00   5.660    2250.00   7.126    1970.00   9.698    1690.00  15.126
  2525.00   5.681    2245.00   7.160    1965.00   9.762    1685.00  15.273
  2520.00   5.701    2240.00   7.193    1960.00   9.826    1680.00  15.423
  2515.00   5.722    2235.00   7.228    1955.00   9.891    1675.00  15.576
  2510.00   5.743    2230.00   7.262    1950.00   9.957    1670.00  15.731
  2505.00   5.764    2225.00   7.297    1945.00  10.023    1665.00  15.890
  2500.00   5.786    2220.00   7.333    1940.00  10.091    1660.00  16.051
  2495.00   5.807    2215.00   7.368    1935.00  10.160    1655.00  16.215
  2490.00   5.829    2210.00   7.404    1930.00  10.229    1650.00  16.382
  2485.00   5.851    2205.00   7.441    1925.00  10.300    1645.00  16.551
  2480.00   5.873    2200.00   7.477    1920.00  10.371    1640.00  16.724
  2475.00   5.895    2195.00   7.514    1915.00  10.443    1635.00  16.900
  2470.00   5.918    2190.00   7.552    1910.00  10.517    1630.00  17.080
  2465.00   5.940    2185.00   7.590    1905.00  10.591    1625.00  17.262
  2460.00   5.963    2180.00   7.628    1900.00  10.667    1620.00  17.448
  2455.00   5.986    2175.00   7.667    1895.00  10.743    1615.00  17.638
  2450.00   6.009    2170.00   7.706    1890.00  10.821    1610.00  17.831
  2445.00   6.033    2165.00   7.746    1885.00  10.900    1605.00  18.027
  2440.00   6.056    2160.00   7.786    1880.00  10.980    1600.00  18.227
  2435.00   6.080    2155.00   7.826    1875.00  11.061    1595.00  18.431
  2430.00   6.104    2150.00   7.867    1870.00  11.143    1590.00  18.639
  2425.00   6.128    2145.00   7.908    1865.00  11.226    1585.00  18.851

  1580.00  19.067    1300.00  42.039    1020.00  131.541
  1575.00  19.287    1295.00  42.765    1015.00  134.731
  1570.00  19.511    1290.00  43.508    1010.00  138.017
  1565.00  19.739    1285.00  44.268    1005.00  141.404
  1560.00  19.972    1280.00  45.048    1000.00  144.893
  1555.00  20.210    1275.00  45.846    995.00  148.489
  1550.00  20.452    1270.00  46.663    990.00  152.196
  1545.00  20.699    1265.00  47.501    985.00  156.017
  1540.00  20.950    1260.00  48.359    980.00  159.957
  1535.00  21.207    1255.00  49.238    975.00  164.020
  1530.00  21.469    1250.00  50.139    970.00  168.210
  1525.00  21.736    1245.00  51.062    965.00  172.532
  1520.00  22.009    1240.00  52.009    960.00  176.991
  1515.00  22.287    1235.00  52.979    955.00  181.592
  1510.00  22.570    1230.00  53.973    950.00  186.341
  1505.00  22.859    1225.00  54.993    945.00  191.242
  1500.00  23.155    1220.00  56.038    940.00  196.302
  1495.00  23.456    1215.00  57.110    935.00  201.526
  1490.00  23.763    1210.00  58.209    930.00  206.921
  1485.00  24.077    1205.00  59.337    925.00  212.493
  1480.00  24.398    1200.00  60.493    920.00  218.250
  1475.00  24.725    1195.00  61.680    915.00  224.197
  1470.00  25.058    1190.00  62.897    910.00  230.344
  1465.00  25.399    1185.00  64.145    905.00  236.696
  1460.00  25.747    1180.00  65.426    900.00  243.264
  1455.00  26.103    1175.00  66.741    895.00  250.055
  1450.00  26.465    1170.00  68.091    890.00  257.077
  1445.00  26.836    1165.00  69.476    885.00  264.341
  1440.00  27.215    1160.00  70.898    880.00  271.857
  1435.00  27.601    1155.00  72.358    875.00  279.634
  1430.00  27.996    1150.00  73.856    870.00  287.683
  1425.00  28.400    1145.00  75.395    865.00  296.015
  1420.00  28.812    1140.00  76.976
  1415.00  29.234    1135.00  78.599
  1410.00  29.664    1130.00  80.267
  1405.00  30.104    1125.00  81.980
  1400.00  30.554    1120.00  83.740
  1395.00  31.014    1115.00  85.548
  1390.00  31.484    1110.00  87.406
  1385.00  31.964    1105.00  89.316
  1380.00  32.456    1100.00  91.279
  1375.00  32.958    1095.00  93.297
  1370.00  33.471    1090.00  95.372
  1365.00  33.997    1085.00  97.505
  1360.00  34.534    1080.00  99.699
  1355.00  35.083    1075.00  101.955
  1350.00  35.646    1070.00  104.276
  1345.00  36.221    1065.00  106.663
  1340.00  36.809    1060.00  109.119
  1335.00  37.411    1055.00  111.646
  1330.00  38.027    1050.00  114.247
  1325.00  38.657    1045.00  116.924
  1320.00  39.302    1040.00  119.679
  1315.00  39.963    1035.00  122.515
  1310.00  40.639    1030.00  125.436
  1305.00  41.331    1025.00  128.443

