ПКТ8_1 датчики

1000
1000
7
1000
1000
1000
1000
1000

=================== ПКТ8_1____Т1
16.924520218221005
-209.88193494221196
1166.4843999538571
-3075.2815227992833
4388.56943661719559
-2910.9508342221379
868.100233905948699
=================== ПКТ8_1____Т2
10.9969411347992718
-130.827404435956851
749.629046981222928
-1936.64862927608192
2706.14808299019933
-1654.83927264995873
515.419538469053805
=================== ПКТ8_1____Т3
35.418606627499685
-55510.2443863153459
36541155.640991211
-11725993248.921875
1971553990780
-153283011720960
5052534013419520
=================== ПКТ8_1____Т4
18.933416559593752
-231.696376381441951
1256.05189673788846
-3242.75935494154692
4499.49894835054874
-2910.1389302611351
853.733523996546864
=================== ПКТ8_1____Т5
28.257883910671808
-358.86001442186534
1945.6722907833755
-5171.24013045430179
7400.41584329307079
-5088.9101801812648
1538.6858600210398
=================== ПКТ8_1____Т6
11.998748668658663
-140.31136617995799
706.404515956528479
-1587.8104643207043
1758.8532603271306
-724.664392888545989
148.42783740232699
=================== ПКТ8_1____Т7
21.575617982307449
-260.23302811570465
1369.9472036678344
-3472.201345205307
4749.71195641905069
-3111.5847289934754
957.900049353018399
=================== ПКТ8_1____Т8
22.696802702761488
-226.07392810517922
970.613756582140919
-1955.8081463053822
2022.2815376333892
-904.462546051479869
215.64549227920361
====================================================
ПКТ8_2 датчики

1000
1000
1000
1000
1000
1000
1000
1000

=================== ПКТ8_2____Т1
21.3033034217660315
-260.709953643847257
1391.53936546295881
-3568.85605530813336
4933.32394610345364
-3247.55065851658583
1012.96244597993791
=================== ПКТ8_2____Т2
14.204763749527046
-178.26635708101094
1036.2115817312151
-2804.0554335787892
4109.2760180011392
-2758.2763006575406
841.102514177560799
=================== ПКТ8_2____Т3
23.375991559296381
-279.28288555843756
1443.0981870237738
-3601.3731361553073
4833.89744386076929
-3091.941489007324
931.256638033315539
=================== ПКТ8_2____Т4
12.0706628803163767
-167.935693691950291
1139.37436132878065
-3543.72424580156803
6059.02200184762478
-4925.04488346725702
1738.52669535204768
=================== ПКТ8_2____Т5
26.400967119960114
-324.93104427168146
1711.3768420610577
-4392.68239063024519
6058.41654951870439
-3986.9588950648904
1183.0109949372709
=================== ПКТ8_2____Т6
15.8886515520571265
-200.585532885044813
1150.04017231613398
-3096.54627386108041
4502.73432762920856
-3041.94017466902733
976.636911665089428